[background.jpg]
filters=warm=1;finetune2=1,0.000000,0.000000,0.418246,00000000,0.918129;warm=1;
moddate=434c9e12aa82d401
width=3000
height=1995
textactive=0
